583 100
5 217 530 419 330 582
3 53 533 544
2 288 105
4 249 326 166 41
4 211 489 234 470
7 271 210 559 228 219 273 373
3 26 310 240
1 120
16 569 574 434 454 385 407 11 472 357 12 460 508 261 411 577 366
2 142 568
15 390 278 297 312 415 246 389 479 125 121 1 376 73 350 515
3 392 446 100
10 315 143 405 329 181 29 340 46 160 523
5 462 492 174 74 335
5 557 93 450 22 110
2 68 439
17 305 435 21 397 430 298 295 9 64 144 529 528 28 311 20 251 550
2 571 338
1 140
13 94 477 258 274 432 88 495 342 60 347 549 184 516
4 535 494 339 66
1 5
2 155 499
3 381 513 303
2 206 365
3 233 474 348
2 448 521
4 169 150 363 151
5 222 465 231 362 387
4 531 309 50 372
3 536 345 519
3 255 177 107
5 157 92 6 422 364
18 308 414 375 437 279 284 179 35 433 282 195 503 496 259 15 237 104 185
2 162 115
3 87 124 117
18 70 377 111 466 386 119 404 527 208 43 475 116 241 289 459 306 540 324
5 59 545 134 188 47
4 383 486 186 40
5 196 96 332 425 562
11 173 230 18 423 10 285 4 570 429 458 287
16 198 457 476 129 168 122 235 247 379 449 520 16 399 224 38 262
1 112
1 351
12 32 137 13 396 313 583 401 369 171 427 286 24
5 553 478 118 291 428
4 314 146 443 158
2 481 147
1 232
4 83 130 108 565
3 126 138 49
2 493 502
2 576 36
8 483 452 525 333 402 207 349 227
2 384 277
2 275 248
1 455
5 575 89 581 225 203
4 294 374 260 382
16 394 343 194 337 395 154 510 204 85 447 280 500 296 431 153 127
1 371
2 136 442
1 488
11 243 165 316 238 58 56 300 75 45 380 182
18 17 218 167 71 78 250 97 468 81 361 69 8 420 416 424 269 281 226
4 522 355 220 526
5 304 509 482 542 44
1 276
14 327 514 410 283 131 266 79 491 417 215 556 358 39 213
13 501 409 426 200 3 480 199 101 236 61 323 484 80
4 161 221 445 370
2 498 245
4 578 532 473 524
3 353 253 95
3 77 552 393
5 451 400 67 413 554
5 307 441 183 541 320
13 547 490 57 209 229 534 23 572 359 456 133 2 180
5 292 54 256 265 205
6 244 152 464 223 560 37
12 438 254 86 360 341 440 175 561 113 325 65 391
2 132 444
5 187 263 76 497 403
2 109 72
12 346 62 471 580 128 257 98 317 145 558 412 156
16 418 34 52 511 467 202 193 149 436 90 555 99 192 461 135 159
1 469
5 398 453 563 141 216
5 319 322 48 82 551
14 7 212 123 55 367 517 406 548 102 272 30 268 356 543
15 27 579 214 14 344 408 164 163 33 331 91 421 336 566 293
1 197
2 504 567
12 505 178 537 368 191 84 388 299 573 487 170 507
5 290 328 172 538 512
4 463 264 270 302
5 190 252 201 321 539
13 176 518 334 564 242 239 19 189 114 63 352 267 31
3 318 103 485
15 51 378 354 301 546 506 148 139 42 106 25 144 182 153 360
