150 31
5 19 144 72 49 15
2 136 85
8 90 103 88 133 76 42 145 106
4 150 97 63 107
4 137 81 121 78
1 83
12 67 39 14 25 30 138 33 101 92 99 38 66
4 12 149 65 34
3 35 122 16
3 142 143 93
1 126
5 18 148 54 113 111
3 1 3 29
3 140 20 105
14 84 80 48 104 69 116 22 128 95 26 6 17 64 41
3 28 98 21
3 79 117 134
14 114 11 109 75 60 124 27 61 44 112 96 40 57 31
4 24 51 100 37
3 102 127 147
3 131 86 139
2 36 7
8 58 146 91 89 2 125 118 56
1 123
3 4 73 87
16 62 52 74 8 47 120 59 108 23 43 46 110 45 5 135 10
1 82
2 119 68
2 94 50
6 70 55 115 130 132 9
7 32 77 13 53 141 71 129
