511 95
4 489 496 443 207
9 300 428 263 212 52 503 109 18 27
1 384
4 223 507 430 453
11 74 118 397 505 58 94 432 193 369 305 192
3 417 227 357
5 454 80 95 98 134
11 250 345 383 486 461 465 6 217 128 319 141
4 5 49 248 189
2 268 82
1 91
3 410 16 460
1 498
3 163 341 368
11 258 366 40 89 295 44 32 455 254 448 152
3 412 433 158
3 476 310 413
4 8 215 280 271
17 226 255 229 154 166 103 149 176 382 198 174 156 114 478 257 303 389
2 144 180
5 264 76 367 64 439
4 90 301 356 232
4 449 75 124 28
3 402 63 423
5 421 179 275 484 317
3 249 228 196
1 347
5 315 39 388 175 267
5 269 363 279 380 106
4 446 256 121 243
4 247 251 26 241
9 22 288 151 53 122 406 138 100 110
1 415
5 171 477 387 451 42
5 331 480 352 235 509
1 293
4 336 377 490 112
4 504 422 273 426
1 330
4 393 123 1 72
5 429 404 297 59 47
5 140 420 370 344 284
3 386 282 487
4 376 116 278 274
2 218 359
4 111 30 392 364
14 473 456 169 14 318 70 296 105 313 361 24 214 396 299
1 65
1 7
11 165 333 211 69 294 107 206 170 424 20 104
2 234 51
14 210 381 225 354 499 19 33 162 408 385 302 182 500 242
3 485 153 365
8 309 177 224 482 470 48 147 92
12 471 416 87 142 131 197 37 261 157 191 391 183
3 508 286 492
15 329 4 314 15 159 57 67 405 511 45 348 194 339 88 494
4 466 9 46 298
2 68 3
10 501 379 56 400 260 346 409 2 324 62
14 135 283 23 25 390 457 285 38 328 126 86 276 188 337
7 327 168 167 173 355 155 479
1 201
18 325 43 239 427 488 270 308 467 230 187 371 434 291 311 199 253 441 35
9 172 213 353 185 394 463 208 115 129
17 161 84 12 483 342 425 71 289 445 81 362 358 335 31 108 29 418
10 150 41 468 240 99 145 78 450 120 437
2 17 60
4 101 281 203 252
11 373 458 360 125 136 36 472 343 209 338 13
3 495 79 221
1 130
5 204 266 447 102 164
3 61 395 334
2 83 127
4 321 506 66 10
2 205 143
4 139 474 332 73
2 245 262
1 419
3 316 372 237
15 398 190 133 265 119 323 320 491 233 272 132 401 351 160 442
1 238
5 440 113 222 220 11
7 219 493 148 304 322 85 236
5 181 438 21 55 378
4 326 216 231 195
2 464 97
14 312 146 246 475 435 502 459 200 93 277 340 350 117 452
10 444 184 414 436 510 374 54 259 399 77
4 469 349 306 462
5 287 96 186 290 407
5 481 244 202 137 292
5 307 375 178 50 34
4 431 497 403 411
